[0.0014 0.0054  0.0020  0.0032  0.0038  0.0040  0.0012  0.2307  0.0035  0.0033  0.0024  0.0672  0.1194  0.0085  0.0208  0.0060      0.0010  ]
[0.0014 0.0054  0.0020  0.0032  0.0038  0.0040  0.0012  0.2307  0.0035  0.0033  0.0024  0.0672  0.1194  0.0085  0.0208  0.0060      0.0010  ]
[0.0014 0.0054  0.0020  0.0032  0.0038  0.0040  0.0012  0.2307  0.0035  0.0033  0.0024  0.0672  0.1194  0.0085  0.0208  0.0060      0.0010  ]
[0.0014 0.0054  0.0020  0.0032  0.0038  0.0040  0.0012  0.2307  0.0035  0.0033  0.0024  0.0672  0.1194  0.0085  0.0208  0.0060      0.0010  ]
[-0.0045        -0.0425 -0.0075 0.0085  -0.0229 -0.0247 -0.0033 0.6231  -0.0194 -0.0180 -0.0103 -0.9952 -0.1448 -0.0987 -0.6765     0.0201  -0.0025 ]
[-0.0045        -0.0425 -0.0075 0.0085  -0.0229 -0.0247 -0.0033 0.6231  -0.0194 -0.0180 -0.0103 -0.9952 -0.1448 -0.0987 -0.6765     0.0201  -0.0025 ]
[0.0014 0.0054  0.0020  0.0032  0.0038  0.0040  0.0012  0.2307  0.0035  0.0033  0.0024  0.0672  0.1194  0.0085  0.0208  0.0060      0.0010  ]
[-0.0045        -0.0425 -0.0075 0.0085  -0.0229 -0.0247 -0.0033 0.6231  -0.0194 -0.0180 -0.0103 -0.9952 -0.1448 -0.0987 -0.6765     0.0201  -0.0025 ]
[-0.0045        -0.0425 -0.0075 0.0085  -0.0229 -0.0247 -0.0033 0.6231  -0.0194 -0.0180 -0.0103 -0.9952 -0.1448 -0.0987 -0.6765     0.0201  -0.0025 ]
[0.0014 0.0054  0.0020  0.0032  0.0038  0.0040  0.0012  0.2307  0.0035  0.0033  0.0024  0.0672  0.1194  0.0085  0.0208  0.0060      0.0010  ]
[0.1544 0.1544  0.1544  411.4855        0.1544  0.1544  0.1544  0.2362  0.1544  0.1544  0.1544  0.2324  0.2221  0.1545  0.1626      117.0794        0.1544  ]
[0.0014 0.0054  0.0020  0.0032  0.0038  0.0040  0.0012  0.2307  0.0035  0.0033  0.0024  0.0672  0.1194  0.0085  0.0208  0.0060      0.0010  ]
[-0.0045        -0.0425 -0.0075 0.0085  -0.0229 -0.0247 -0.0033 0.6231  -0.0194 -0.0180 -0.0103 -0.9952 -0.1448 -0.0987 -0.6765     0.0201  -0.0025 ]
[-0.0045        -0.0425 -0.0075 0.0085  -0.0229 -0.0247 -0.0033 0.6231  -0.0194 -0.0180 -0.0103 -0.9952 -0.1448 -0.0987 -0.6765     0.0201  -0.0025 ]
[-0.0045        -0.0425 -0.0075 0.0085  -0.0229 -0.0247 -0.0033 0.6231  -0.0194 -0.0180 -0.0103 -0.9952 -0.1448 -0.0987 -0.6765     0.0201  -0.0025 ]
[-0.0045        -0.0425 -0.0075 0.0085  -0.0229 -0.0247 -0.0033 0.6231  -0.0194 -0.0180 -0.0103 -0.9952 -0.1448 -0.0987 -0.6765     0.0201  -0.0025 ]
[0.0014 0.0054  0.0020  0.0032  0.0038  0.0040  0.0012  0.2307  0.0035  0.0033  0.0024  0.0672  0.1194  0.0085  0.0208  0.0060      0.0010  ]